0.0001	0.0001	0	0	0	0	0	0	0	0
0.0001	0.0001	0	0	0	0	0	0	0	0
1.55941	-0.138498	1.5611	-0.138757	1.55945	-0.138501	2.09897	0.0522228	2.19595	0.109339
1.62699	0.0198085	2.29301	-0.0369092	1.81209	0.0474826	2.09897	0.0522228	2.19595	0.109339
3.89115	-0.133698	2.24248	-0.200187	3.89093	-0.134166	4.29136	0.215312	2.28434	0.226323
3.96661	0.0727788	2.41139	0.100894	4.19528	0.218461	4.29136	0.215312	2.28434	0.226323
6.85895	0.415383	3.34506	0.484718	6.86352	0.416817	6.56942	0.496096	2.36382	0.348847
6.69129	0.435313	2.64009	0.324422	6.43926	0.472879	6.56942	0.496096	2.36382	0.348847
9.07976	0.594402	2.14761	0.041902	9.07733	0.593211	8.92437	0.89924	2.43359	0.474526
9.09371	0.666516	2.39444	0.182962	8.89749	0.886982	8.92437	0.89924	2.43359	0.474526
11.5746	1.66102	2.57537	1.57045	11.5756	1.6669	11.3468	1.427	2.49328	0.600781
11.5256	1.61989	2.3808	1.45634	11.4447	1.42958	11.3468	1.427	2.49328	0.600781
13.5953	2.31757	1.75037	0.143401	13.5921	2.31191	13.827	2.07905	2.5429	0.724947
13.6905	2.29501	2.31211	0.199177	13.6572	1.99915	13.827	2.07905	2.5429	0.724947
16.6394	2.89979	3.56435	0.919777	16.6456	2.903	16.3554	2.85243	2.58284	0.844365
16.4808	2.87205	2.86657	0.790663	16.282	2.84648	16.3554	2.85243	2.58284	0.844365
19.0137	3.70538	2.22076	0.849909	19.0106	3.70555	18.923	3.74161	2.61382	0.95648
19.0874	3.72575	2.37127	0.889587	19.363	3.87122	18.923	3.74161	2.61382	0.95648
21.3324	4.73126	2.13172	1.08203	21.3312	4.73205	21.5215	4.73855	2.63679	1.05891
21.4289	4.75095	2.49532	1.1762	21.6213	4.74762	21.5215	4.73855	2.63679	1.05891
24.0774	5.57218	2.77324	0.576996	24.0787	5.56967	24.1437	5.83295	2.65286	1.14953
24.1861	5.60646	3.0023	0.645803	24.5601	5.92334	24.1437	5.83295	2.65286	1.14953
26.6103	6.9562	1.92238	1.81755	26.6052	6.96102	26.7833	7.01246	2.6632	1.22647
26.6692	6.97247	2.35678	1.97047	26.5419	6.90075	26.7833	7.01246	2.6632	1.22647
29.5817	8.09376	3.37726	0.550913	29.5864	8.08789	29.4352	8.26299	2.66893	1.28822
29.5275	8.08395	3.0934	0.476193	29.4716	8.24519	29.4352	8.26299	2.66893	1.28822
31.9471	9.87102	1.87706	2.67725	31.9416	9.88017	32.0955	9.56901	2.67105	1.33358
31.9329	9.86087	1.98687	2.72184	31.7928	9.49891	32.0955	9.56901	2.67105	1.33358
34.6105	10.7121	3.18178	-0.439731	34.6157	10.6988	34.7608	10.9139	2.67035	1.3617
34.6945	10.7409	3.28835	-0.400671	35.0599	10.9953	34.7608	10.9139	2.67035	1.3617
37.147	12.0762	1.80244	2.5172	37.1404	12.0883	37.4287	12.2803	2.66736	1.37209
37.2624	12.1168	2.20214	2.66495	37.4973	12.2943	37.4287	12.2803	2.66736	1.37209
40.3215	13.4756	3.75156	0.486244	40.3285	13.4666	40.0971	13.6505	2.66232	1.36459
40.1877	13.4356	3.19802	0.304179	39.9009	13.6243	40.0971	13.6505	2.66232	1.36459
42.7713	14.8219	2.09976	2.11593	42.7664	14.8294	42.7638	15.0065	2.65515	1.33938
42.7956	14.8341	2.36718	2.22728	42.5714	14.9817	42.7638	15.0065	2.65515	1.33938
45.3558	16.556	2.69774	1.37349	45.3572	16.5524	45.4265	16.3307	2.64546	1.29701
45.4028	16.5717	2.77646	1.39871	45.649	16.5213	45.4265	16.3307	2.64546	1.29701
48.1549	17.2885	2.67331	0.222626	48.1541	17.2835	48.0823	17.6063	2.6326	1.23832
48.1529	17.2906	2.76744	0.25886	47.9331	17.5349	48.0823	17.6063	2.6326	1.23832
50.6243	19.0612	2.32247	2.83594	50.6228	19.0721	50.7276	18.8172	2.61569	1.16454
50.5744	19.0398	2.12018	2.74752	50.5737	18.7834	50.7276	18.8172	2.61569	1.16454
53.7188	19.9113	3.92325	-0.399253	53.7268	19.8982	53.3577	19.9486	2.59372	1.07716
53.604	19.8703	3.35037	-0.596656	53.5277	19.862	53.3577	19.9486	2.59372	1.07716
56.0393	21.0797	1.74634	2.43714	56.0322	21.0923	55.9669	20.9874	2.56561	0.978022
56.0304	21.0768	1.84813	2.48	55.867	20.985	55.9669	20.9874	2.56561	0.978022
58.6574	21.7945	3.19064	-0.490906	58.6632	21.7821	58.5484	21.9225	2.53033	0.869205
58.656	21.7951	3.1877	-0.489705	58.5799	21.9815	58.5484	21.9225	2.53033	0.869205
60.88	22.7775	1.46329	1.96469	60.8722	22.7876	61.0941	22.7449	2.48697	0.753031
60.9214	22.7936	1.85288	2.11735	60.7648	22.6398	61.0941	22.7449	2.48697	0.753031
63.3777	23.4175	2.88287	-0.404531	63.3821	23.4069	63.5955	23.4479	2.43482	0.631987
63.4383	23.4411	2.88894	-0.396975	63.7478	23.7442	63.5955	23.4479	2.43482	0.631987
66.3394	23.9889	2.99109	1.23058	66.3403	23.9959	66.0431	24.0276	2.37349	0.508655
66.17	23.9281	2.27224	0.980017	65.8838	23.9541	66.0431	24.0276	2.37349	0.508655
68.2641	24.3623	1.88563	0.0262999	68.262	24.3582	68.4273	24.4824	2.30293	0.385623
68.4085	24.414	2.41728	0.21152	68.6759	24.6059	68.4273	24.4824	2.30293	0.385623
70.8273	24.8825	2.441	0.653657	70.8275	24.8844	70.7384	24.8137	2.22347	0.265395
70.7721	24.8623	2.21221	0.574194	70.7403	24.6728	70.7384	24.8137	2.22347	0.265395
72.8937	24.7189	1.9804	-0.666756	72.8923	24.7135	72.9675	25.025	2.13584	0.150292
72.9795	24.7486	2.30314	-0.563099	73.0732	25.0343	72.9675	25.025	2.13584	0.150292
75.0039	25.2518	1.85077	1.24623	75.0021	25.2595	75.1062	25.1224	2.04114	0.0423626
74.9804	25.2435	1.75272	1.21261	74.9748	25.1377	75.1062	25.1224	2.04114	0.0423626
77.12	24.9405	2.37809	-1.35949	77.1225	24.9297	77.1475	25.1137	1.9408	-0.0566978
77.1136	24.94	2.23009	-1.39702	77.1386	25.2948	77.1475	25.1137	1.9408	-0.0566978
79.11	25.0262	1.89182	1.12896	79.1089	25.0369	79.0861	25.0086	1.83649	-0.145607
79.0736	25.0142	1.62201	1.04645	79.1718	24.9698	79.0861	25.0086	1.83649	-0.145607
80.8072	24.8774	1.74924	-0.973543	80.8074	24.8688	80.9183	24.8178	1.73008	-0.223536
80.8649	24.8947	1.8479	-0.943144	81.1423	24.8704	80.9183	24.8178	1.73008	-0.223536
82.622	24.6344	1.72225	0.219953	82.6216	24.6393	82.6423	24.5525	1.6235	-0.29012
82.5829	24.6234	1.52123	0.165139	82.5085	24.8114	82.6423	24.5525	1.6235	-0.29012
84.1729	24.5521	1.63703	-0.234789	84.1733	24.5504	84.2584	24.2245	1.51869	-0.345444
84.1799	24.5533	1.63705	-0.235809	84.2898	24.3312	84.2584	24.2245	1.51869	-0.345444
85.6398	23.8118	1.26052	-1.11316	85.6378	23.808	85.7688	23.8451	1.41749	-0.390006
85.7257	23.8348	1.54811	-1.04018	85.9743	23.7547	85.7688	23.8451	1.41749	-0.390006
86.9475	23.522	0.966674	0.181154	86.9449	23.527	87.1776	23.4252	1.32159	-0.424654
87.06	23.5518	1.13587	0.227365	87.6171	23.5127	87.1776	23.4252	1.32159	-0.424654
88.8174	22.7937	2.27177	-1.41562	88.8227	22.7869	88.4904	22.9745	1.23248	-0.450514
88.6885	22.7619	1.74228	-1.53436	88.4191	22.9498	88.4904	22.9745	1.23248	-0.450514
89.5048	22.3009	0.0193381	0.240028	89.4967	22.3082	89.7145	22.5017	1.15138	-0.468904
89.634	22.3337	0.577911	0.373418	89.7821	22.4826	89.7145	22.5017	1.15138	-0.468904
90.511	21.675	1.09365	-1.36898	90.5133	21.6677	90.858	22.0141	1.07929	-0.481241
90.6025	21.6976	1.31751	-1.31545	90.8419	22.0974	90.858	22.0141	1.07929	-0.481241
91.7193	21.1101	0.971656	-0.0863324	91.7178	21.1152	91.9302	21.5174	1.01698	-0.488964
91.7766	21.1242	0.980848	-0.0792867	92.0492	21.5289	91.9302	21.5174	1.01698	-0.488964
92.859	20.9543	1.17214	-0.22794	92.8599	20.9537	92.9411	21.016	0.964993	-0.493443
92.908	20.9655	1.07753	-0.245703	93.3186	21.0712	92.9411	21.016	0.964993	-0.493443
93.472	20.2194	0.0558208	-1.1263	93.4668	20.2155	93.9011	20.513	0.92369	-0.495919
93.6323	20.2539	0.800825	-0.979899	93.7423	20.5071	93.9011	20.513	0.92369	-0.495919
95.3143	19.6553	2.52749	-0.284149	95.3229	19.6585	94.8209	20.01	0.893308	-0.497439
95.0095	19.594	1.23185	-0.524092	94.494	19.8854	94.8209	20.01	0.893308	-0.497439
95.5105	19.6943	-0.152405	0.500682	95.5039	19.6984	95.7116	19.5078	0.87398	-0.498816
95.6121	19.7152	0.430335	0.621597	95.6097	19.5804	95.7116	19.5078	0.87398	-0.498816
96.2625	19.168	0.797155	-1.35534	96.2641	19.1597	96.5842	19.0065	0.865773	-0.500589
96.3224	19.1788	0.977044	-1.32306	96.559	18.8688	96.5842	19.0065	0.865773	-0.500589
97.5261	18.7206	1.45871	0.158708	97.5286	18.727	97.45	18.506	0.868716	-0.503009
97.4441	18.7035	1.01496	0.0775848	97.5333	18.1735	97.45	18.506	0.868716	-0.503009
98.213	18.3769	0.51871	-0.621105	98.2105	18.3739	98.3198	18.0049	0.882805	-0.506023
98.2757	18.3878	0.779795	-0.576126	98.4162	18.1556	98.3198	18.0049	0.882805	-0.506023
99.0367	17.3602	0.722343	-1.3441	99.0363	17.357	99.2049	17.503	0.908006	-0.509278
99.0752	17.3663	1.02797	-1.30146	98.9782	17.2949	99.2049	17.503	0.908006	-0.509278
99.9975	16.9817	0.862929	0.250885	99.9969	16.9882	100.117	17.0001	0.944242	-0.512134
100.056	16.9914	0.862769	0.252416	100.441	16.9521	100.117	17.0001	0.944242	-0.512134
101.201	16.5418	1.38088	-0.927465	101.204	16.5368	101.065	16.497	0.991362	-0.513687
101.157	16.5344	1.1396	-0.963028	101.169	16.4353	101.065	16.497	0.991362	-0.513687
102.386	16.3933	1.34586	0.435614	102.387	16.3992	102.063	15.9949	1.04911	-0.512803
102.277	16.3747	0.987296	0.37743	102.081	15.8359	102.063	15.9949	1.04911	-0.512803
103.006	15.3631	0.431064	-1.99006	103.003	15.353	103.119	15.4967	1.11708	-0.508169
103.065	15.3699	1.03387	-1.92431	102.776	15.1195	103.119	15.4967	1.11708	-0.508169
104.114	15.2579	1.13038	1.14999	104.114	15.2708	104.244	15.0064	1.19469	-0.498349
104.058	15.2487	1.01311	1.13102	103.905	14.7607	104.244	15.0064	1.19469	-0.498349
105.537	14.4548	1.84784	-2.11612	105.541	14.4412	105.447	14.5293	1.28111	-0.481861
105.451	14.4423	1.54297	-2.15335	105.316	14.0026	105.447	14.5293	1.28111	-0.481861
106.832	14.0358	1.28772	0.802189	106.831	14.0482	106.737	14.0724	1.37529	-0.457255
106.776	14.0291	1.24478	0.796533	106.439	14.2401	106.737	14.0724	1.37529	-0.457255
108.083	13.6686	1.32813	-1.16226	108.084	13.6604	108.122	13.644	1.47592	-0.423202
108.126	13.6737	1.55749	-1.13674	108.131	13.6844	108.122	13.644	1.47592	-0.423202
109.535	13.5641	1.30202	0.598918	109.534	13.5714	109.606	13.2536	1.58144	-0.378583
109.514	13.5607	1.33601	0.601368	109.388	13.1556	109.606	13.2536	1.58144	-0.378583
111.061	12.5925	1.69732	-2.05139	111.063	12.5814	111.196	12.9118	1.69008	-0.322574
111.143	12.6022	1.86458	-2.03153	111.426	12.9557	111.196	12.9118	1.69008	-0.322574
112.913	12.4742	1.73488	1.18982	112.913	12.4877	112.893	12.6299	1.7999	-0.254723
112.89	12.4724	1.65465	1.18222	112.797	12.8241	112.893	12.6299	1.7999	-0.254723
114.799	12.5583	2.11807	-0.667273	114.801	12.5506	114.699	12.4195	1.90891	-0.175007
114.788	12.5567	1.96658	-0.683421	114.916	12.3187	114.699	12.4195	1.90891	-0.175007
116.688	12.1019	1.84325	-0.298008	116.687	12.1035	116.611	12.2921	2.01507	-0.0838683
116.749	12.1081	2.07673	-0.27621	116.871	12.0659	116.611	12.2921	2.01507	-0.0838683
118.952	11.9997	2.3259	0.0112658	118.953	12.0009	118.628	12.2586	2.11648	0.0177712
118.921	11.9973	2.17992	-0.00137026	118.85	12.4063	118.628	12.2586	2.11648	0.0177712
120.699	12.2898	1.40609	0.485805	120.695	12.2918	120.743	12.3289	2.21139	0.128528
120.812	12.3013	1.92891	0.540119	120.934	12.1905	120.743	12.3289	2.21139	0.128528
123.56	12.8296	3.52295	0.54145	123.568	12.8297	122.95	12.5114	2.29835	0.246599
123.356	12.8083	2.59147	0.44092	123.142	12.7694	122.95	12.5114	2.29835	0.246599
124.904	12.7779	0.548178	-0.384698	124.894	12.7743	125.242	12.8125	2.37624	0.369827
125.208	12.8089	2.05781	-0.236244	125.376	12.9964	125.242	12.8125	2.37624	0.369827
127.847	13.3218	3.20768	1.04723	127.853	13.3273	127.609	13.2365	2.44434	0.495787
127.708	13.3069	2.62697	0.983416	127.506	13.153	127.609	13.2365	2.44434	0.495787
129.951	13.7006	1.8655	-0.0252036	129.947	13.6963	130.042	13.7853	2.50232	0.621879
130.072	13.7133	2.29291	0.0204148	130.334	13.781	130.042	13.7853	2.50232	0.621879
132.094	14.5016	1.78745	1.31336	132.092	14.507	132.53	14.458	2.55028	0.74543
132.222	14.5157	2.30601	1.37501	132.447	14.3423	132.53	14.458	2.55028	0.74543
135.069	15.0533	3.33462	-0.0279853	135.074	15.0475	135.066	15.2513	2.58865	0.863795
134.989	15.0441	2.81683	-0.0877102	135.127	14.6575	135.066	15.2513	2.58865	0.863795
137.563	16.2059	2.37818	2.02141	137.561	16.2147	137.639	16.1592	2.61821	0.974442
137.614	16.2126	2.5922	2.05052	137.653	16.5145	137.639	16.1592	2.61821	0.974442
140.331	17.0169	2.79709	-0.056834	140.331	17.008	140.242	17.1733	2.63994	1.07503
140.347	17.0195	2.86744	-0.0468738	140.305	17.5379	140.242	17.1733	2.63994	1.07503
142.891	17.9847	2.27	1.65781	142.888	17.9918	142.868	18.2829	2.65497	1.16346
142.895	17.9859	2.50622	1.69286	142.626	18.1458	142.868	18.2829	2.65497	1.16346
145.392	19.1653	2.47177	0.82267	145.392	19.1617	145.51	19.4754	2.66445	1.23795
145.496	19.1792	2.76289	0.8631	145.789	19.3785	145.51	19.4754	2.66445	1.23795
148.251	20.4723	2.76199	1.59148	148.251	20.4754	148.163	20.7364	2.66951	1.29702
148.223	20.469	2.61777	1.57021	148.146	20.9376	148.163	20.7364	2.66951	1.29702
150.687	22.1137	2.32225	1.69118	150.686	22.1142	150.825	22.0502	2.67111	1.33953
150.722	22.1189	2.61217	1.7406	150.649	21.8148	150.825	22.0502	2.67111	1.33953
153.421	23.4934	2.76739	1.12304	153.422	23.4909	153.491	23.3999	2.66999	1.3647
153.403	23.4901	2.68685	1.10867	153.466	22.9115	153.491	23.3999	2.66999	1.3647
156.047	24.807	2.61146	1.46018	156.047	24.8084	156.159	24.7682	2.66666	1.37208
156.029	24.8045	2.49603	1.44042	156.009	25.0678	156.159	24.7682	2.66666	1.37208
158.901	26.0322	3.21737	1.09445	158.905	26.0308	158.827	26.1372	2.66127	1.36157
158.885	26.0296	2.99307	1.05452	159.014	26.1903	158.827	26.1372	2.66127	1.36157
161.416	27.4234	2.10992	1.61128	161.412	27.4256	161.493	27.4891	2.65371	1.33344
161.485	27.4357	2.38805	1.66264	161.529	27.8454	161.493	27.4891	2.65371	1.33344
163.628	28.7707	1.89857	1.09613	163.625	28.7683	164.155	28.8064	2.64354	1.28825
163.797	28.8011	2.4796	1.20427	164.116	29.315	164.155	28.8064	2.64354	1.28825
166.823	30.2046	3.54726	1.5664	166.828	30.2062	166.809	30.0721	2.63006	1.22694
166.69	30.18	2.84096	1.42879	166.748	29.7121	166.809	30.0721	2.63006	1.22694
169.101	31.3736	1.99703	1.00995	169.097	31.3717	169.452	31.2706	2.61238	1.15075
169.19	31.3896	2.45409	1.09844	169.345	30.7063	169.452	31.2706	2.61238	1.15075
172.17	32.3412	3.46833	0.873406	172.175	32.3404	172.079	32.3873	2.58945	1.06126
172.091	32.3266	2.9399	0.771536	172.135	32.6666	172.079	32.3873	2.58945	1.06126
174.646	33.4601	2.21163	1.36863	174.643	33.4625	174.685	33.4095	2.56021	0.960341
174.655	33.4623	2.33717	1.39503	174.474	33.9157	174.685	33.4095	2.56021	0.960341
177.03	34.2056	2.37911	0.289244	177.03	34.2009	177.261	34.3262	2.52363	0.850119
177.06	34.2111	2.47557	0.30753	177.211	33.8467	177.261	34.3262	2.52363	0.850119
180.139	35.1376	3.67517	1.3883	180.145	35.1423	179.799	35.1289	2.47883	0.732949
179.907	35.0924	2.6449	1.18309	179.543	35.4767	179.799	35.1289	2.47883	0.732949
182.599	35.7567	2.71072	0.303559	182.599	35.753	182.292	35.8114	2.42515	0.611338
182.501	35.738	2.4687	0.256852	182.047	36.2626	182.292	35.8114	2.42515	0.611338
184.734	36.5119	2.03617	1.1242	184.732	36.5155	184.73	36.37	2.36226	0.487877
184.737	36.5122	2.02936	1.12229	184.833	36.1451	184.73	36.37	2.36226	0.487877
186.945	36.9453	2.34228	-0.0405234	186.946	36.9404	187.103	36.804	2.29017	0.365145
187.011	36.9582	2.46377	-0.0165874	187.296	36.9375	187.103	36.804	2.29017	0.365145
189.465	37.4019	2.46836	0.765364	189.465	37.4052	189.401	37.1147	2.20928	0.245623
189.454	37.3994	2.24236	0.720087	189.738	36.951	189.401	37.1147	2.20928	0.245623
191.735	37.567	2.28999	-0.217145	191.735	37.5631	191.615	37.3064	2.12037	0.131591
191.703	37.5604	2.20364	-0.234396	191.682	37.1147	191.615	37.3064	2.12037	0.131591
193.475	37.2794	1.36495	-0.334503	193.471	37.2789	193.738	37.3853	2.02462	0.0250452
193.567	37.2971	1.85995	-0.24278	193.555	37.4234	193.738	37.3853	2.02462	0.0250452
195.986	37.3964	2.95919	0.36524	195.991	37.3991	195.762	37.3598	1.92349	-0.072386
195.785	37.3582	2.07131	0.199239	195.507	37.4891	195.762	37.3598	1.92349	-0.072386
197.726	37.7274	1.82545	0.481754	197.725	37.7285	197.683	37.2395	1.81869	-0.159495
197.691	37.7206	1.79358	0.475273	197.582	37.303	197.683	37.2395	1.81869	-0.159495
199.296	37.2927	1.3854	-1.06829	199.294	37.2862	199.497	37.0353	1.71212	-0.235529
199.353	37.3032	1.68841	-1.01458	199.356	37.3527	199.497	37.0353	1.71212	-0.235529
201.544	36.9921	2.69491	0.203935	201.549	36.9973	201.203	36.7587	1.6057	-0.300201
201.335	36.954	1.805	0.0468763	200.932	37.4694	201.203	36.7587	1.6057	-0.300201
202.964	36.4608	1.43994	-0.878626	202.962	36.4568	202.801	36.4212	1.50137	-0.353671
202.939	36.4565	1.42094	-0.881746	202.65	37.2445	202.801	36.4212	1.50137	-0.353671
203.994	36.1924	0.739275	0.150846	203.991	36.1967	204.294	36.0343	1.40095	-0.396497
204.044	36.2015	1.20276	0.230704	203.809	36.2941	204.294	36.0343	1.40095	-0.396497
